NUTS1;NUTS2;NUTS3;DISTRICT_CODE;DISTRICT_NAME;LAU_CODE;LAU_NAME;NON_SELF_EMPL_M;SELF_EMPL_M;TEMP_ABSENT_M;EMPL_TOTAL_M;NON_SELF_EMPL_W;SELF_EMPL_W;TEMP_ABSENT_W;EMPL_TOTAL_W;NON_SELF_EMPL_TOTAL;SELF_EMPL_TOTAL;TEMP_ABSENT_TOTAL;EMPL_TOTAL;REF_DATE
AT2;AT22;AT221;601;Graz-Stadt;60101;Graz ;63229;8638;372;72239;57597;4539;2586;64722;120826;13177;2958;136961;31.10.2017
AT2;AT22;AT225;603;Deutschlandsberg;60305;Frauental an der Laßnitz ;713;69;6;788;604;53;25;682;1317;122;31;1470;31.10.2017
AT2;AT22;AT225;603;Deutschlandsberg;60318;Lannach ;864;154;2;1020;768;96;33;897;1632;250;35;1917;31.10.2017
AT2;AT22;AT225;603;Deutschlandsberg;60323;Pölfing-Brunn ;346;43;1;390;290;31;11;332;636;74;12;722;31.10.2017
AT2;AT22;AT225;603;Deutschlandsberg;60324;Preding ;431;62;2;495;359;40;22;421;790;102;24;916;31.10.2017
AT2;AT22;AT225;603;Deutschlandsberg;60326;Sankt Josef (Weststeiermark) ;394;52;3;449;338;48;18;404;732;100;21;853;31.10.2017
AT2;AT22;AT225;603;Deutschlandsberg;60329;Sankt Peter im Sulmtal ;288;49;2;339;215;41;12;268;503;90;14;607;31.10.2017
AT2;AT22;AT225;603;Deutschlandsberg;60341;Wettmannstätten ;378;62;0;440;319;45;16;380;697;107;16;820;31.10.2017
AT2;AT22;AT225;603;Deutschlandsberg;60344;Deutschlandsberg ;2546;447;11;3004;2303;287;101;2691;4849;734;112;5695;31.10.2017
AT2;AT22;AT225;603;Deutschlandsberg;60345;Eibiswald ;1454;252;5;1711;1142;235;53;1430;2596;487;58;3141;31.10.2017
AT2;AT22;AT225;603;Deutschlandsberg;60346;Groß Sankt Florian ;1026;160;3;1189;833;131;39;1003;1859;291;42;2192;31.10.2017
AT2;AT22;AT225;603;Deutschlandsberg;60347;Sankt Martin im Sulmtal ;722;134;1;857;562;95;25;682;1284;229;26;1539;31.10.2017
AT2;AT22;AT225;603;Deutschlandsberg;60348;Sankt Stefan ob Stainz ;810;180;3;993;729;146;26;901;1539;326;29;1894;31.10.2017
AT2;AT22;AT225;603;Deutschlandsberg;60349;Schwanberg ;1084;159;5;1248;877;152;50;1079;1961;311;55;2327;31.10.2017
AT2;AT22;AT225;603;Deutschlandsberg;60350;Stainz ;2010;360;11;2381;1753;251;85;2089;3763;611;96;4470;31.10.2017
AT2;AT22;AT225;603;Deutschlandsberg;60351;Wies ;1004;194;2;1200;820;150;27;997;1824;344;29;2197;31.10.2017
AT2;AT22;AT221;606;Graz-Umgebung;60608;Feldkirchen bei Graz ;1629;195;9;1833;1372;110;72;1554;3001;305;81;3387;31.10.2017
AT2;AT22;AT221;606;Graz-Umgebung;60611;Gössendorf ;992;134;7;1133;873;85;35;993;1865;219;42;2126;31.10.2017
AT2;AT22;AT221;606;Graz-Umgebung;60613;Gratkorn ;1904;197;9;2110;1700;120;88;1908;3604;317;97;4018;31.10.2017
AT2;AT22;AT221;606;Graz-Umgebung;60617;Hart bei Graz ;1128;192;8;1328;1046;123;56;1225;2174;315;64;2553;31.10.2017
AT2;AT22;AT221;606;Graz-Umgebung;60618;Haselsdorf-Tobelbad ;339;53;1;393;286;36;12;334;625;89;13;727;31.10.2017
AT2;AT22;AT221;606;Graz-Umgebung;60619;Hausmannstätten ;754;121;3;878;730;62;31;823;1484;183;34;1701;31.10.2017
AT2;AT22;AT221;606;Graz-Umgebung;60623;Kainbach bei Graz ;500;86;4;590;462;74;25;561;962;160;29;1151;31.10.2017
AT2;AT22;AT221;606;Graz-Umgebung;60624;Kalsdorf bei Graz ;1761;187;9;1957;1516;104;78;1698;3277;291;87;3655;31.10.2017
AT2;AT22;AT221;606;Graz-Umgebung;60626;Kumberg ;875;187;5;1067;793;111;41;945;1668;298;46;2012;31.10.2017
AT2;AT22;AT221;606;Graz-Umgebung;60628;Laßnitzhöhe ;637;105;1;743;579;77;28;684;1216;182;29;1427;31.10.2017
AT2;AT22;AT221;606;Graz-Umgebung;60629;Lieboch ;1171;151;4;1326;1141;77;54;1272;2312;228;58;2598;31.10.2017
AT2;AT22;AT221;606;Graz-Umgebung;60632;Peggau ;507;42;5;554;478;27;23;528;985;69;28;1082;31.10.2017
AT2;AT22;AT221;606;Graz-Umgebung;60639;Sankt Bartholomä ;325;58;2;385;295;58;16;369;620;116;18;754;31.10.2017
AT2;AT22;AT221;606;Graz-Umgebung;60641;Sankt Oswald bei Plankenwarth ;302;34;1;337;254;34;20;308;556;68;21;645;31.10.2017
AT2;AT22;AT221;606;Graz-Umgebung;60642;Sankt Radegund bei Graz ;464;105;2;571;432;70;21;523;896;175;23;1094;31.10.2017
AT2;AT22;AT221;606;Graz-Umgebung;60645;Semriach ;708;177;3;888;614;149;31;794;1322;326;34;1682;31.10.2017
AT2;AT22;AT221;606;Graz-Umgebung;60646;Stattegg ;624;126;7;757;581;91;28;700;1205;217;35;1457;31.10.2017
AT2;AT22;AT221;606;Graz-Umgebung;60647;Stiwoll ;184;23;1;208;149;25;10;184;333;48;11;392;31.10.2017
AT2;AT22;AT221;606;Graz-Umgebung;60648;Thal ;504;88;1;593;437;51;21;509;941;139;22;1102;31.10.2017
AT2;AT22;AT221;606;Graz-Umgebung;60651;Übelbach ;479;85;4;568;396;61;13;470;875;146;17;1038;31.10.2017
AT2;AT22;AT221;606;Graz-Umgebung;60653;Vasoldsberg ;1039;181;9;1229;924;116;45;1085;1963;297;54;2314;31.10.2017
AT2;AT22;AT221;606;Graz-Umgebung;60654;Weinitzen ;549;119;1;669;498;78;15;591;1047;197;16;1260;31.10.2017
AT2;AT22;AT221;606;Graz-Umgebung;60655;Werndorf ;614;50;4;668;534;34;21;589;1148;84;25;1257;31.10.2017
AT2;AT22;AT221;606;Graz-Umgebung;60656;Wundschuh ;378;63;1;442;325;43;19;387;703;106;20;829;31.10.2017
AT2;AT22;AT221;606;Graz-Umgebung;60659;Deutschfeistritz ;1047;136;3;1186;880;94;43;1017;1927;230;46;2203;31.10.2017
AT2;AT22;AT221;606;Graz-Umgebung;60660;Dobl-Zwaring ;865;160;1;1026;692;113;47;852;1557;273;48;1878;31.10.2017
AT2;AT22;AT221;606;Graz-Umgebung;60661;Eggersdorf bei Graz ;1536;288;6;1830;1278;220;63;1561;2814;508;69;3391;31.10.2017
AT2;AT22;AT221;606;Graz-Umgebung;60662;Fernitz-Mellach  ;1164;184;7;1355;1093;106;53;1252;2257;290;60;2607;31.10.2017
AT2;AT22;AT221;606;Graz-Umgebung;60663;Frohnleiten ;1532;220;9;1761;1397;155;51;1603;2929;375;60;3364;31.10.2017
AT2;AT22;AT221;606;Graz-Umgebung;60664;Gratwein-Straßengel  ;3060;383;14;3457;2719;292;123;3134;5779;675;137;6591;31.10.2017
AT2;AT22;AT221;606;Graz-Umgebung;60665;Hitzendorf ;1679;280;11;1970;1439;250;84;1773;3118;530;95;3743;31.10.2017
AT2;AT22;AT221;606;Graz-Umgebung;60666;Nestelbach bei Graz ;601;119;5;725;556;87;30;673;1157;206;35;1398;31.10.2017
AT2;AT22;AT221;606;Graz-Umgebung;60667;Raaba-Grambach  ;1011;174;4;1189;946;102;54;1102;1957;276;58;2291;31.10.2017
AT2;AT22;AT221;606;Graz-Umgebung;60668;Sankt Marein bei Graz ;892;154;7;1053;752;131;51;934;1644;285;58;1987;31.10.2017
AT2;AT22;AT221;606;Graz-Umgebung;60669;Seiersberg-Pirka  ;2760;345;15;3120;2483;182;109;2774;5243;527;124;5894;31.10.2017
AT2;AT22;AT221;606;Graz-Umgebung;60670;Premstätten;1515;227;9;1751;1304;120;68;1492;2819;347;77;3243;31.10.2017
AT2;AT22;AT225;610;Leibnitz;61001;Allerheiligen bei Wildon ;331;70;1;402;303;51;19;373;634;121;20;775;31.10.2017
AT2;AT22;AT225;610;Leibnitz;61002;Arnfels ;225;30;2;257;172;23;5;200;397;53;7;457;31.10.2017
AT2;AT22;AT225;610;Leibnitz;61007;Empersdorf ;341;65;3;409;292;37;14;343;633;102;17;752;31.10.2017
AT2;AT22;AT225;610;Leibnitz;61008;Gabersdorf ;288;57;0;345;267;37;20;324;555;94;20;669;31.10.2017
AT2;AT22;AT225;610;Leibnitz;61012;Gralla ;635;63;2;700;543;35;28;606;1178;98;30;1306;31.10.2017
AT2;AT22;AT225;610;Leibnitz;61013;Großklein ;531;108;1;640;414;97;19;530;945;205;20;1170;31.10.2017
AT2;AT22;AT225;610;Leibnitz;61016;Heimschuh ;443;73;6;522;384;62;23;469;827;135;29;991;31.10.2017
AT2;AT22;AT225;610;Leibnitz;61017;Hengsberg ;329;75;5;409;302;40;18;360;631;115;23;769;31.10.2017
AT2;AT22;AT225;610;Leibnitz;61019;Kitzeck im Sausal ;265;74;4;343;198;66;9;273;463;140;13;616;31.10.2017
AT2;AT22;AT225;610;Leibnitz;61020;Lang ;311;60;4;375;278;55;17;350;589;115;21;725;31.10.2017
AT2;AT22;AT225;610;Leibnitz;61021;Lebring-Sankt Margarethen ;525;58;1;584;445;53;25;523;970;111;26;1107;31.10.2017
AT2;AT22;AT225;610;Leibnitz;61024;Oberhaag ;468;95;2;565;357;80;24;461;825;175;26;1026;31.10.2017
AT2;AT22;AT225;610;Leibnitz;61027;Ragnitz ;331;76;0;407;324;31;13;368;655;107;13;775;31.10.2017
AT2;AT22;AT225;610;Leibnitz;61030;Sankt Andrä-Höch ;417;78;2;497;303;64;18;385;720;142;20;882;31.10.2017
AT2;AT22;AT225;610;Leibnitz;61032;Sankt Johann im Saggautal ;474;95;9;578;382;75;24;481;856;170;33;1059;31.10.2017
AT2;AT22;AT225;610;Leibnitz;61033;Sankt Nikolai im Sausal ;530;99;2;631;405;83;35;523;935;182;37;1154;31.10.2017
AT2;AT22;AT225;610;Leibnitz;61043;Tillmitsch ;831;122;4;957;711;66;35;812;1542;188;39;1769;31.10.2017
AT2;AT22;AT225;610;Leibnitz;61045;Wagna ;1346;176;5;1527;1264;103;61;1428;2610;279;66;2955;31.10.2017
AT2;AT22;AT225;610;Leibnitz;61049;Ehrenhausen an der Weinstraße ;567;93;3;663;496;79;23;598;1063;172;26;1261;31.10.2017
AT2;AT22;AT225;610;Leibnitz;61050;Gamlitz ;693;181;2;876;607;147;30;784;1300;328;32;1660;31.10.2017
AT2;AT22;AT225;610;Leibnitz;61051;Gleinstätten ;706;111;2;819;585;88;34;707;1291;199;36;1526;31.10.2017
AT2;AT22;AT225;610;Leibnitz;61052;Heiligenkreuz am Waasen ;693;114;3;810;592;81;32;705;1285;195;35;1515;31.10.2017
AT2;AT22;AT225;610;Leibnitz;61053;Leibnitz ;2688;422;19;3129;2564;226;99;2889;5252;648;118;6018;31.10.2017
AT2;AT22;AT225;610;Leibnitz;61054;Leutschach an der Weinstraße ;775;257;4;1036;610;240;26;876;1385;497;30;1912;31.10.2017
AT2;AT22;AT225;610;Leibnitz;61055;Sankt Georgen an der Stiefing ;336;73;3;412;290;45;15;350;626;118;18;762;31.10.2017
AT2;AT22;AT225;610;Leibnitz;61056;Sankt Veit in der Südsteiermark;934;196;6;1136;736;154;36;926;1670;350;42;2062;31.10.2017
AT2;AT22;AT225;610;Leibnitz;61057;Schwarzautal ;539;124;2;665;446;118;21;585;985;242;23;1250;31.10.2017
AT2;AT22;AT225;610;Leibnitz;61058;Straß in Steiermark;1204;129;7;1340;927;88;59;1074;2131;217;66;2414;31.10.2017
AT2;AT22;AT225;610;Leibnitz;61059;Wildon ;1262;172;5;1439;1134;125;50;1309;2396;297;55;2748;31.10.2017
AT2;AT22;AT223;611;Leoben;61101;Eisenerz ;711;67;4;782;652;48;17;717;1363;115;21;1499;31.10.2017
AT2;AT22;AT223;611;Leoben;61105;Kalwang ;209;23;2;234;196;21;7;224;405;44;9;458;31.10.2017
AT2;AT22;AT223;611;Leoben;61106;Kammern im Liesingtal ;350;76;1;427;306;58;10;374;656;134;11;801;31.10.2017
AT2;AT22;AT223;611;Leoben;61107;Kraubath an der Mur ;303;44;0;347;262;40;9;311;565;84;9;658;31.10.2017
AT2;AT22;AT223;611;Leoben;61108;Leoben ;5490;433;19;5942;4503;230;164;4897;9993;663;183;10839;31.10.2017
AT2;AT22;AT223;611;Leoben;61109;Mautern in Steiermark ;390;65;2;457;319;47;16;382;709;112;18;839;31.10.2017
AT2;AT22;AT223;611;Leoben;61110;Niklasdorf ;553;51;0;604;504;33;24;561;1057;84;24;1165;31.10.2017
AT2;AT22;AT223;611;Leoben;61111;Proleb ;349;66;2;417;302;38;16;356;651;104;18;773;31.10.2017
AT2;AT22;AT223;611;Leoben;61112;Radmer ;116;9;0;125;96;7;2;105;212;16;2;230;31.10.2017
AT2;AT22;AT223;611;Leoben;61113;Sankt Michael in Obersteiermark ;709;71;1;781;612;52;35;699;1321;123;36;1480;31.10.2017
AT2;AT22;AT223;611;Leoben;61114;Sankt Peter-Freienstein ;563;55;2;620;442;48;17;507;1005;103;19;1127;31.10.2017
AT2;AT22;AT223;611;Leoben;61115;Sankt Stefan ob Leoben ;420;52;3;475;359;55;15;429;779;107;18;904;31.10.2017
AT2;AT22;AT223;611;Leoben;61116;Traboch ;325;55;0;380;301;36;12;349;626;91;12;729;31.10.2017
AT2;AT22;AT223;611;Leoben;61118;Vordernberg ;204;22;0;226;158;15;6;179;362;37;6;405;31.10.2017
AT2;AT22;AT223;611;Leoben;61119;Wald am Schoberpaß ;127;33;0;160;99;20;3;122;226;53;3;282;31.10.2017
AT2;AT22;AT223;611;Leoben;61120;Trofaiach ;2396;271;11;2678;2076;191;92;2359;4472;462;103;5037;31.10.2017
AT2;AT22;AT222;612;Liezen;61203;Aigen im Ennstal ;616;120;4;740;528;98;29;655;1144;218;33;1395;31.10.2017
AT2;AT22;AT222;612;Liezen;61204;Altaussee ;351;110;2;463;329;61;24;414;680;171;26;877;31.10.2017
AT2;AT22;AT222;612;Liezen;61205;Altenmarkt bei Sankt Gallen ;199;17;0;216;163;10;7;180;362;27;7;396;31.10.2017
AT2;AT22;AT222;612;Liezen;61206;Ardning ;292;45;2;339;241;33;13;287;533;78;15;626;31.10.2017
AT2;AT22;AT222;612;Liezen;61207;Bad Aussee ;1006;186;4;1196;972;123;47;1142;1978;309;51;2338;31.10.2017
AT2;AT22;AT222;612;Liezen;61213;Gröbming ;679;122;3;804;618;68;41;727;1297;190;44;1531;31.10.2017
AT2;AT22;AT222;612;Liezen;61215;Grundlsee ;214;65;0;279;248;43;13;304;462;108;13;583;31.10.2017
AT2;AT22;AT222;612;Liezen;61217;Haus ;520;138;1;659;426;99;19;544;946;237;20;1203;31.10.2017
AT2;AT22;AT222;612;Liezen;61222;Lassing ;355;85;0;440;342;62;16;420;697;147;16;860;31.10.2017
AT2;AT22;AT222;612;Liezen;61236;Ramsau am Dachstein ;479;242;2;723;459;128;28;615;938;370;30;1338;31.10.2017
AT2;AT22;AT222;612;Liezen;61243;Selzthal ;392;25;3;420;302;33;8;343;694;58;11;763;31.10.2017
AT2;AT22;AT222;612;Liezen;61247;Trieben ;718;62;5;785;625;62;29;716;1343;124;34;1501;31.10.2017
AT2;AT22;AT222;612;Liezen;61251;Wildalpen ;115;10;0;125;83;11;2;96;198;21;2;221;31.10.2017
AT2;AT22;AT222;612;Liezen;61252;Wörschach ;262;43;1;306;232;31;13;276;494;74;14;582;31.10.2017
AT2;AT22;AT222;612;Liezen;61253;Admont ;1127;150;5;1282;1033;119;42;1194;2160;269;47;2476;31.10.2017
AT2;AT22;AT222;612;Liezen;61254;Aich ;303;67;0;370;230;62;11;303;533;129;11;673;31.10.2017
AT2;AT22;AT222;612;Liezen;61255;Bad Mitterndorf ;1017;267;3;1287;969;156;53;1178;1986;423;56;2465;31.10.2017
AT2;AT22;AT222;612;Liezen;61256;Gaishorn am See ;309;46;1;356;265;43;11;319;574;89;12;675;31.10.2017
AT2;AT22;AT222;612;Liezen;61257;Irdning-Donnersbachtal ;925;182;2;1109;848;121;38;1007;1773;303;40;2116;31.10.2017
AT2;AT22;AT222;612;Liezen;61258;Landl ;599;84;2;685;454;95;23;572;1053;179;25;1257;31.10.2017
AT2;AT22;AT222;612;Liezen;61259;Liezen ;1823;207;5;2035;1677;115;80;1872;3500;322;85;3907;31.10.2017
AT2;AT22;AT222;612;Liezen;61260;Michaelerberg-Pruggern  ;262;45;2;309;209;44;19;272;471;89;21;581;31.10.2017
AT2;AT22;AT222;612;Liezen;61261;Mitterberg-Sankt Martin;438;114;2;554;357;72;16;445;795;186;18;999;31.10.2017
AT2;AT22;AT222;612;Liezen;61262;Öblarn ;457;78;2;537;382;54;25;461;839;132;27;998;31.10.2017
AT2;AT22;AT222;612;Liezen;61263;Rottenmann ;1214;153;1;1368;1029;98;40;1167;2243;251;41;2535;31.10.2017
AT2;AT22;AT222;612;Liezen;61264;Sankt Gallen ;414;57;1;472;320;56;17;393;734;113;18;865;31.10.2017
AT2;AT22;AT222;612;Liezen;61265;Schladming ;1349;369;4;1722;1206;224;53;1483;2555;593;57;3205;31.10.2017
AT2;AT22;AT222;612;Liezen;61266;Sölk ;359;83;3;445;283;60;13;356;642;143;16;801;31.10.2017
AT2;AT22;AT222;612;Liezen;61267;Stainach-Pürgg ;628;85;1;714;559;59;26;644;1187;144;27;1358;31.10.2017
AT2;AT22;AT226;614;Murau;61410;Mühlen ;175;51;0;226;154;41;13;208;329;92;13;434;31.10.2017
AT2;AT22;AT226;614;Murau;61413;Niederwölz ;137;18;1;156;121;22;9;152;258;40;10;308;31.10.2017
AT2;AT22;AT226;614;Murau;61425;St. Peter am Kammersberg;447;111;4;562;358;97;18;473;805;208;22;1035;31.10.2017
AT2;AT22;AT226;614;Murau;61428;Schöder ;194;43;1;238;179;35;9;223;373;78;10;461;31.10.2017
AT2;AT22;AT226;614;Murau;61437;Krakau;361;84;1;446;265;62;7;334;626;146;8;780;31.10.2017
AT2;AT22;AT226;614;Murau;61438;Murau ;735;160;3;898;720;124;22;866;1455;284;25;1764;31.10.2017
AT2;AT22;AT226;614;Murau;61439;Neumarkt in der Steiermark ;1023;295;0;1318;886;219;51;1156;1909;514;51;2474;31.10.2017
AT2;AT22;AT226;614;Murau;61440;Oberwölz ;663;182;2;847;464;163;29;656;1127;345;31;1503;31.10.2017
AT2;AT22;AT226;614;Murau;61441;Ranten ;274;66;2;342;204;65;11;280;478;131;13;622;31.10.2017
AT2;AT22;AT226;614;Murau;61442;Sankt Georgen am Kreischberg;377;113;3;493;312;95;11;418;689;208;14;911;31.10.2017
AT2;AT22;AT226;614;Murau;61443;Sankt Lambrecht ;364;91;1;456;320;67;13;400;684;158;14;856;31.10.2017
AT2;AT22;AT226;614;Murau;61444;Scheifling ;491;77;1;569;427;69;22;518;918;146;23;1087;31.10.2017
AT2;AT22;AT226;614;Murau;61445;Stadl-Predlitz;387;71;5;463;311;59;12;382;698;130;17;845;31.10.2017
AT2;AT22;AT226;614;Murau;61446;Teufenbach-Katsch  ;453;62;4;519;363;59;25;447;816;121;29;966;31.10.2017
AT2;AT22;AT225;616;Voitsberg;61611;Krottendorf-Gaisfeld ;579;102;4;685;498;70;19;587;1077;172;23;1272;31.10.2017
AT2;AT22;AT225;616;Voitsberg;61612;Ligist ;746;138;4;888;651;101;39;791;1397;239;43;1679;31.10.2017
AT2;AT22;AT225;616;Voitsberg;61615;Mooskirchen ;533;85;4;622;461;73;25;559;994;158;29;1181;31.10.2017
AT2;AT22;AT225;616;Voitsberg;61618;Rosental an der Kainach ;389;36;3;428;345;27;4;376;734;63;7;804;31.10.2017
AT2;AT22;AT225;616;Voitsberg;61621;Sankt Martin am Wöllmißberg ;172;44;0;216;151;39;11;201;323;83;11;417;31.10.2017
AT2;AT22;AT225;616;Voitsberg;61624;Stallhofen ;730;114;2;846;623;89;27;739;1353;203;29;1585;31.10.2017
AT2;AT22;AT225;616;Voitsberg;61625;Voitsberg ;2006;246;9;2261;1799;160;64;2023;3805;406;73;4284;31.10.2017
AT2;AT22;AT225;616;Voitsberg;61626;Bärnbach ;1303;161;5;1469;1144;109;47;1300;2447;270;52;2769;31.10.2017
AT2;AT22;AT225;616;Voitsberg;61627;Edelschrott ;369;125;1;495;272;105;10;387;641;230;11;882;31.10.2017
AT2;AT22;AT225;616;Voitsberg;61628;Geistthal-Södingberg  ;366;93;2;461;307;77;11;395;673;170;13;856;31.10.2017
AT2;AT22;AT225;616;Voitsberg;61629;Hirschegg-Pack ;218;80;0;298;154;67;6;227;372;147;6;525;31.10.2017
AT2;AT22;AT225;616;Voitsberg;61630;Kainach bei Voitsberg ;373;84;0;457;301;70;15;386;674;154;15;843;31.10.2017
AT2;AT22;AT225;616;Voitsberg;61631;Köflach ;2048;274;9;2331;1833;165;76;2074;3881;439;85;4405;31.10.2017
AT2;AT22;AT225;616;Voitsberg;61632;Maria Lankowitz ;641;127;0;768;543;101;19;663;1184;228;19;1431;31.10.2017
AT2;AT22;AT225;616;Voitsberg;61633;Söding-Sankt Johann ;981;159;3;1143;856;105;29;990;1837;264;32;2133;31.10.2017
AT2;AT22;AT224;617;Weiz;61701;Albersdorf-Prebuch ;485;88;1;574;423;67;26;516;908;155;27;1090;31.10.2017
AT2;AT22;AT224;617;Weiz;61708;Fischbach ;347;68;2;417;240;81;26;347;587;149;28;764;31.10.2017
AT2;AT22;AT224;617;Weiz;61710;Floing ;283;50;2;335;224;55;16;295;507;105;18;630;31.10.2017
AT2;AT22;AT224;617;Weiz;61711;Gasen ;202;46;0;248;146;61;10;217;348;107;10;465;31.10.2017
AT2;AT22;AT224;617;Weiz;61716;Markt Hartmannsdorf ;696;149;0;845;581;102;36;719;1277;251;36;1564;31.10.2017
AT2;AT22;AT224;617;Weiz;61719;Hofstätten an der Raab ;562;96;1;659;466;67;28;561;1028;163;29;1220;31.10.2017
AT2;AT22;AT224;617;Weiz;61727;Ludersdorf-Wilfersdorf ;627;79;0;706;545;63;30;638;1172;142;30;1344;31.10.2017
AT2;AT22;AT224;617;Weiz;61728;Miesenbach bei Birkfeld ;167;44;1;212;137;37;4;178;304;81;5;390;31.10.2017
AT2;AT22;AT224;617;Weiz;61729;Mitterdorf an der Raab ;493;106;2;601;429;77;21;527;922;183;23;1128;31.10.2017
AT2;AT22;AT224;617;Weiz;61730;Mortantsch ;551;67;4;622;448;74;28;550;999;141;32;1172;31.10.2017
AT2;AT22;AT224;617;Weiz;61731;Naas ;385;56;0;441;274;64;12;350;659;120;12;791;31.10.2017
AT2;AT22;AT224;617;Weiz;61740;Puch bei Weiz ;501;129;1;631;374;118;16;508;875;247;17;1139;31.10.2017
AT2;AT22;AT224;617;Weiz;61741;Ratten ;253;61;1;315;174;63;11;248;427;124;12;563;31.10.2017
AT2;AT22;AT224;617;Weiz;61743;Rettenegg ;157;44;1;202;130;33;6;169;287;77;7;371;31.10.2017
AT2;AT22;AT224;617;Weiz;61744;St. Kathrein am Hauenstein;144;32;2;178;105;40;8;153;249;72;10;331;31.10.2017
AT2;AT22;AT224;617;Weiz;61745;Sankt Kathrein am Offenegg ;255;80;1;336;169;76;12;257;424;156;13;593;31.10.2017
AT2;AT22;AT224;617;Weiz;61746;St. Margarethen an der Raab;950;179;2;1131;783;154;48;985;1733;333;50;2116;31.10.2017
AT2;AT22;AT224;617;Weiz;61748;Sinabelkirchen ;1102;163;12;1277;887;106;43;1036;1989;269;55;2313;31.10.2017
AT2;AT22;AT224;617;Weiz;61750;Strallegg ;463;99;0;562;331;122;24;477;794;221;24;1039;31.10.2017
AT2;AT22;AT224;617;Weiz;61751;Thannhausen ;570;102;3;675;495;87;31;613;1065;189;34;1288;31.10.2017
AT2;AT22;AT224;617;Weiz;61756;Anger ;1058;152;3;1213;771;141;49;961;1829;293;52;2174;31.10.2017
AT2;AT22;AT224;617;Weiz;61757;Birkfeld ;1188;240;7;1435;944;274;41;1259;2132;514;48;2694;31.10.2017
AT2;AT22;AT224;617;Weiz;61758;Fladnitz an der Teichalm ;424;119;3;546;354;97;15;466;778;216;18;1012;31.10.2017
AT2;AT22;AT224;617;Weiz;61759;Gersdorf an der Feistritz ;389;106;1;496;303;93;16;412;692;199;17;908;31.10.2017
AT2;AT22;AT224;617;Weiz;61760;Gleisdorf ;2536;389;15;2940;2284;226;117;2627;4820;615;132;5567;31.10.2017
AT2;AT22;AT224;617;Weiz;61761;Gutenberg-Stenzengreith ;463;76;1;540;395;55;24;474;858;131;25;1014;31.10.2017
AT2;AT22;AT224;617;Weiz;61762;Ilztal ;529;96;1;626;409;99;32;540;938;195;33;1166;31.10.2017
AT2;AT22;AT224;617;Weiz;61763;Passail ;1072;193;3;1268;819;176;44;1039;1891;369;47;2307;31.10.2017
AT2;AT22;AT224;617;Weiz;61764;Pischelsdorf am Kulm;903;140;6;1049;696;114;50;860;1599;254;56;1909;31.10.2017
AT2;AT22;AT224;617;Weiz;61765;Sankt Ruprecht an der Raab ;1264;246;3;1513;1115;172;80;1367;2379;418;83;2880;31.10.2017
AT2;AT22;AT224;617;Weiz;61766;Weiz ;2701;261;16;2978;2455;181;95;2731;5156;442;111;5709;31.10.2017
AT2;AT22;AT226;620;Murtal;62007;Fohnsdorf ;1641;203;7;1851;1416;121;44;1581;3057;324;51;3432;31.10.2017
AT2;AT22;AT226;620;Murtal;62008;Gaal ;276;87;0;363;213;88;10;311;489;175;10;674;31.10.2017
AT2;AT22;AT226;620;Murtal;62010;Hohentauern ;82;21;0;103;63;20;3;86;145;41;3;189;31.10.2017
AT2;AT22;AT226;620;Murtal;62014;Kobenz ;443;79;3;525;373;52;22;447;816;131;25;972;31.10.2017
AT2;AT22;AT226;620;Murtal;62021;Pusterwald ;91;40;1;132;68;20;3;91;159;60;4;223;31.10.2017
AT2;AT22;AT226;620;Murtal;62026;Sankt Georgen ob Judenburg ;188;51;2;241;153;34;3;190;341;85;5;431;31.10.2017
AT2;AT22;AT226;620;Murtal;62032;Sankt Peter ob Judenburg ;261;53;0;314;198;41;14;253;459;94;14;567;31.10.2017
AT2;AT22;AT226;620;Murtal;62034;Seckau ;255;69;0;324;237;51;16;304;492;120;16;628;31.10.2017
AT2;AT22;AT226;620;Murtal;62036;Unzmarkt-Frauenburg ;286;53;2;341;220;42;11;273;506;95;13;614;31.10.2017
AT2;AT22;AT226;620;Murtal;62038;Zeltweg ;1695;114;4;1813;1263;94;54;1411;2958;208;58;3224;31.10.2017
AT2;AT22;AT226;620;Murtal;62039;Lobmingtal;445;68;1;514;363;60;14;437;808;128;15;951;31.10.2017
AT2;AT22;AT226;620;Murtal;62040;Judenburg ;2092;254;6;2352;1862;142;71;2075;3954;396;77;4427;31.10.2017
AT2;AT22;AT226;620;Murtal;62041;Knittelfeld ;2803;236;4;3043;2201;151;84;2436;5004;387;88;5479;31.10.2017
AT2;AT22;AT226;620;Murtal;62042;Obdach ;924;177;3;1104;650;186;34;870;1574;363;37;1974;31.10.2017
AT2;AT22;AT226;620;Murtal;62043;Pöls-Oberkurzheim  ;659;117;0;776;546;81;15;642;1205;198;15;1418;31.10.2017
AT2;AT22;AT226;620;Murtal;62044;Pölstal;550;172;1;723;442;143;22;607;992;315;23;1330;31.10.2017
AT2;AT22;AT226;620;Murtal;62045;Sankt Marein-Feistritz;439;99;0;538;385;89;20;494;824;188;20;1032;31.10.2017
AT2;AT22;AT226;620;Murtal;62046;Sankt Margarethen bei Knittelfeld ;628;118;1;747;508;98;22;628;1136;216;23;1375;31.10.2017
AT2;AT22;AT226;620;Murtal;62047;Spielberg ;1245;164;5;1414;1053;112;62;1227;2298;276;67;2641;31.10.2017
AT2;AT22;AT226;620;Murtal;62048;Weißkirchen in Steiermark ;1102;219;5;1326;915;193;43;1151;2017;412;48;2477;31.10.2017
AT2;AT22;AT223;621;Bruck-Mürzzuschlag;62105;Breitenau am Hochlantsch ;313;60;0;373;241;63;17;321;554;123;17;694;31.10.2017
AT2;AT22;AT223;621;Bruck-Mürzzuschlag;62115;Krieglach ;1180;170;5;1355;1032;132;54;1218;2212;302;59;2573;31.10.2017
AT2;AT22;AT223;621;Bruck-Mürzzuschlag;62116;Langenwang ;858;149;3;1010;770;95;30;895;1628;244;33;1905;31.10.2017
AT2;AT22;AT223;621;Bruck-Mürzzuschlag;62125;Pernegg an der Mur ;576;60;3;639;445;51;14;510;1021;111;17;1149;31.10.2017
AT2;AT22;AT223;621;Bruck-Mürzzuschlag;62128;Sankt Lorenzen im Mürztal ;863;138;0;1001;731;69;37;837;1594;207;37;1838;31.10.2017
AT2;AT22;AT223;621;Bruck-Mürzzuschlag;62131;Spital am Semmering ;286;65;0;351;255;47;9;311;541;112;9;662;31.10.2017
AT2;AT22;AT223;621;Bruck-Mürzzuschlag;62132;Stanz im Mürztal ;434;80;0;514;316;81;25;422;750;161;25;936;31.10.2017
AT2;AT22;AT223;621;Bruck-Mürzzuschlag;62135;Turnau ;342;71;0;413;279;50;25;354;621;121;25;767;31.10.2017
AT2;AT22;AT223;621;Bruck-Mürzzuschlag;62138;Aflenz ;513;96;4;613;447;80;23;550;960;176;27;1163;31.10.2017
AT2;AT22;AT223;621;Bruck-Mürzzuschlag;62139;Bruck an der Mur ;3478;395;14;3887;3075;270;132;3477;6553;665;146;7364;31.10.2017
AT2;AT22;AT223;621;Bruck-Mürzzuschlag;62140;Kapfenberg ;5050;392;23;5465;4076;264;177;4517;9126;656;200;9982;31.10.2017
AT2;AT22;AT223;621;Bruck-Mürzzuschlag;62141;Kindberg ;1905;217;8;2130;1583;180;68;1831;3488;397;76;3961;31.10.2017
AT2;AT22;AT223;621;Bruck-Mürzzuschlag;62142;Mariazell ;787;138;6;931;744;108;27;879;1531;246;33;1810;31.10.2017
AT2;AT22;AT223;621;Bruck-Mürzzuschlag;62143;Mürzzuschlag ;1683;194;8;1885;1442;126;32;1600;3125;320;40;3485;31.10.2017
AT2;AT22;AT223;621;Bruck-Mürzzuschlag;62144;Neuberg an der Mürz ;504;109;1;614;412;76;7;495;916;185;8;1109;31.10.2017
AT2;AT22;AT223;621;Bruck-Mürzzuschlag;62145;Sankt Barbara im Mürztal;1377;178;11;1566;1182;135;48;1365;2559;313;59;2931;31.10.2017
AT2;AT22;AT223;621;Bruck-Mürzzuschlag;62146;Sankt Marein im Mürztal ;628;79;0;707;537;51;30;618;1165;130;30;1325;31.10.2017
AT2;AT22;AT223;621;Bruck-Mürzzuschlag;62147;Thörl ;510;83;4;597;373;76;20;469;883;159;24;1066;31.10.2017
AT2;AT22;AT223;621;Bruck-Mürzzuschlag;62148;Tragöß-Sankt Katharein ;414;70;0;484;315;70;19;404;729;140;19;888;31.10.2017
AT2;AT22;AT224;622;Hartberg-Fürstenfeld;62202;Bad Blumau ;381;63;1;445;316;52;25;393;697;115;26;838;31.10.2017
AT2;AT22;AT224;622;Hartberg-Fürstenfeld;62205;Buch-St. Magdalena;515;97;1;613;413;56;27;496;928;153;28;1109;31.10.2017
AT2;AT22;AT224;622;Hartberg-Fürstenfeld;62206;Burgau ;213;56;1;270;194;18;7;219;407;74;8;489;31.10.2017
AT2;AT22;AT224;622;Hartberg-Fürstenfeld;62209;Ebersdorf ;316;53;3;372;249;66;17;332;565;119;20;704;31.10.2017
AT2;AT22;AT224;622;Hartberg-Fürstenfeld;62211;Friedberg ;594;100;2;696;484;77;38;599;1078;177;40;1295;31.10.2017
AT2;AT22;AT224;622;Hartberg-Fürstenfeld;62214;Greinbach ;425;77;4;506;355;57;22;434;780;134;26;940;31.10.2017
AT2;AT22;AT224;622;Hartberg-Fürstenfeld;62216;Großsteinbach ;327;46;0;373;239;49;11;299;566;95;11;672;31.10.2017
AT2;AT22;AT224;622;Hartberg-Fürstenfeld;62219;Hartberg ;1368;238;7;1613;1380;123;61;1564;2748;361;68;3177;31.10.2017
AT2;AT22;AT224;622;Hartberg-Fürstenfeld;62220;Hartberg Umgebung ;527;102;2;631;386;105;23;514;913;207;25;1145;31.10.2017
AT2;AT22;AT224;622;Hartberg-Fürstenfeld;62226;Lafnitz ;336;47;0;383;277;48;18;343;613;95;18;726;31.10.2017
AT2;AT22;AT224;622;Hartberg-Fürstenfeld;62232;Ottendorf an der Rittschein ;427;58;2;487;341;40;22;403;768;98;24;890;31.10.2017
AT2;AT22;AT224;622;Hartberg-Fürstenfeld;62233;Pinggau ;763;125;3;891;591;100;33;724;1354;225;36;1615;31.10.2017
AT2;AT22;AT224;622;Hartberg-Fürstenfeld;62235;Pöllauberg ;516;104;0;620;399;96;14;509;915;200;14;1129;31.10.2017
AT2;AT22;AT224;622;Hartberg-Fürstenfeld;62242;Sankt Jakob im Walde ;279;60;0;339;174;69;11;254;453;129;11;593;31.10.2017
AT2;AT22;AT224;622;Hartberg-Fürstenfeld;62244;Sankt Johann in der Haide ;508;66;2;576;464;50;24;538;972;116;26;1114;31.10.2017
AT2;AT22;AT224;622;Hartberg-Fürstenfeld;62245;Sankt Lorenzen am Wechsel ;349;83;2;434;262;76;15;353;611;159;17;787;31.10.2017
AT2;AT22;AT224;622;Hartberg-Fürstenfeld;62247;Schäffern ;323;67;1;391;234;82;14;330;557;149;15;721;31.10.2017
AT2;AT22;AT224;622;Hartberg-Fürstenfeld;62252;Söchau ;309;41;1;351;286;33;18;337;595;74;19;688;31.10.2017
AT2;AT22;AT224;622;Hartberg-Fürstenfeld;62256;Stubenberg ;471;121;2;594;428;93;10;531;899;214;12;1125;31.10.2017
AT2;AT22;AT224;622;Hartberg-Fürstenfeld;62262;Wenigzell ;296;93;2;391;235;98;10;343;531;191;12;734;31.10.2017
AT2;AT22;AT224;622;Hartberg-Fürstenfeld;62264;Bad Waltersdorf ;964;149;2;1115;748;123;54;925;1712;272;56;2040;31.10.2017
AT2;AT22;AT224;622;Hartberg-Fürstenfeld;62265;Dechantskirchen ;502;93;2;597;374;76;21;471;876;169;23;1068;31.10.2017
AT2;AT22;AT224;622;Hartberg-Fürstenfeld;62266;Feistritztal;594;103;10;707;469;80;27;576;1063;183;37;1283;31.10.2017
AT2;AT22;AT224;622;Hartberg-Fürstenfeld;62267;Fürstenfeld ;1788;302;13;2103;1788;180;60;2028;3576;482;73;4131;31.10.2017
AT2;AT22;AT224;622;Hartberg-Fürstenfeld;62268;Grafendorf bei Hartberg ;725;158;1;884;582;156;20;758;1307;314;21;1642;31.10.2017
AT2;AT22;AT224;622;Hartberg-Fürstenfeld;62269;Großwilfersdorf ;483;98;4;585;381;88;25;494;864;186;29;1079;31.10.2017
AT2;AT22;AT224;622;Hartberg-Fürstenfeld;62270;Hartl ;507;121;2;630;421;105;22;548;928;226;24;1178;31.10.2017
AT2;AT22;AT224;622;Hartberg-Fürstenfeld;62271;Ilz ;898;166;5;1069;800;98;39;937;1698;264;44;2006;31.10.2017
AT2;AT22;AT224;622;Hartberg-Fürstenfeld;62272;Kaindorf ;699;138;5;842;554;114;36;704;1253;252;41;1546;31.10.2017
AT2;AT22;AT224;622;Hartberg-Fürstenfeld;62273;Loipersdorf bei Fürstenfeld ;421;78;1;500;379;53;11;443;800;131;12;943;31.10.2017
AT2;AT22;AT224;622;Hartberg-Fürstenfeld;62274;Neudau ;295;39;2;336;227;22;9;258;522;61;11;594;31.10.2017
AT2;AT22;AT224;622;Hartberg-Fürstenfeld;62275;Pöllau ;1444;297;15;1756;1203;281;52;1536;2647;578;67;3292;31.10.2017
AT2;AT22;AT224;622;Hartberg-Fürstenfeld;62276;Rohr bei Hartberg ;338;56;3;397;300;25;14;339;638;81;17;736;31.10.2017
AT2;AT22;AT224;622;Hartberg-Fürstenfeld;62277;Rohrbach an der Lafnitz ;635;93;1;729;532;82;29;643;1167;175;30;1372;31.10.2017
AT2;AT22;AT224;622;Hartberg-Fürstenfeld;62278;Vorau ;1059;266;7;1332;834;198;67;1099;1893;464;74;2431;31.10.2017
AT2;AT22;AT224;622;Hartberg-Fürstenfeld;62279;Waldbach-Mönichwald;313;105;2;420;258;80;15;353;571;185;17;773;31.10.2017
AT2;AT22;AT224;623;Südoststeiermark;62311;Edelsbach bei Feldbach ;299;62;0;361;267;48;17;332;566;110;17;693;31.10.2017
AT2;AT22;AT224;623;Südoststeiermark;62314;Eichkögl ;319;46;1;366;264;37;16;317;583;83;17;683;31.10.2017
AT2;AT22;AT224;623;Südoststeiermark;62326;Halbenrain ;369;85;6;460;321;55;22;398;690;140;28;858;31.10.2017
AT2;AT22;AT224;623;Südoststeiermark;62330;Jagerberg ;395;82;1;478;293;90;18;401;688;172;19;879;31.10.2017
AT2;AT22;AT224;623;Südoststeiermark;62332;Kapfenstein ;356;63;1;420;288;66;16;370;644;129;17;790;31.10.2017
AT2;AT22;AT224;623;Südoststeiermark;62335;Klöch ;258;75;0;333;227;64;9;300;485;139;9;633;31.10.2017
AT2;AT22;AT224;623;Südoststeiermark;62343;Mettersdorf am Saßbach ;306;61;2;369;249;44;11;304;555;105;13;673;31.10.2017
AT2;AT22;AT224;623;Südoststeiermark;62347;Murfeld ;374;72;0;446;326;46;19;391;700;118;19;837;31.10.2017
AT2;AT22;AT224;623;Südoststeiermark;62368;Tieschen ;278;62;1;341;234;57;9;300;512;119;10;641;31.10.2017
AT2;AT22;AT224;623;Südoststeiermark;62372;Unterlamm ;312;47;2;361;247;33;12;292;559;80;14;653;31.10.2017
AT2;AT22;AT224;623;Südoststeiermark;62375;Bad Gleichenberg ;1168;192;12;1372;1027;134;43;1204;2195;326;55;2576;31.10.2017
AT2;AT22;AT224;623;Südoststeiermark;62376;Bad Radkersburg ;594;115;1;710;567;79;30;676;1161;194;31;1386;31.10.2017
AT2;AT22;AT224;623;Südoststeiermark;62377;Deutsch Goritz ;440;82;4;526;333;72;21;426;773;154;25;952;31.10.2017
AT2;AT22;AT224;623;Südoststeiermark;62378;Fehring ;1623;288;6;1917;1319;246;70;1635;2942;534;76;3552;31.10.2017
AT2;AT22;AT224;623;Südoststeiermark;62379;Feldbach ;2982;463;19;3464;2699;252;117;3068;5681;715;136;6532;31.10.2017
AT2;AT22;AT224;623;Südoststeiermark;62380;Gnas ;1477;293;9;1779;1145;277;73;1495;2622;570;82;3274;31.10.2017
AT2;AT22;AT224;623;Südoststeiermark;62381;Kirchbach-Zerlach;808;147;3;958;659;120;30;809;1467;267;33;1767;31.10.2017
AT2;AT22;AT224;623;Südoststeiermark;62382;Kirchberg an der Raab ;1053;223;8;1284;865;168;59;1092;1918;391;67;2376;31.10.2017
AT2;AT22;AT224;623;Südoststeiermark;62383;Mureck ;786;135;2;923;645;90;23;758;1431;225;25;1681;31.10.2017
AT2;AT22;AT224;623;Südoststeiermark;62384;Paldau ;751;133;7;891;613;105;36;754;1364;238;43;1645;31.10.2017
AT2;AT22;AT224;623;Südoststeiermark;62385;Pirching am Traubenberg ;624;124;2;750;559;72;25;656;1183;196;27;1406;31.10.2017
AT2;AT22;AT224;623;Südoststeiermark;62386;Riegersburg ;1195;231;7;1433;964;189;39;1192;2159;420;46;2625;31.10.2017
AT2;AT22;AT224;623;Südoststeiermark;62387;Sankt Anna am Aigen ;555;135;1;691;448;104;25;577;1003;239;26;1268;31.10.2017
AT2;AT22;AT224;623;Südoststeiermark;62388;Sankt Peter am Ottersbach ;757;106;5;868;595;110;25;730;1352;216;30;1598;31.10.2017
AT2;AT22;AT224;623;Südoststeiermark;62389;Sankt Stefan im Rosental ;925;177;7;1109;788;145;40;973;1713;322;47;2082;31.10.2017
AT2;AT22;AT224;623;Südoststeiermark;62390;Straden ;831;199;4;1034;685;146;30;861;1516;345;34;1895;31.10.2017
